start=583.833250
pause=yes
volume=110.000000
