start=1027.115000
pause=yes
volume=80.000000
border=no
aid=3
