start=3410.702369
volume=78.000000
