start=1334.501000
volume=100.000000
fullscreen=yes
