start=2008.548208
pause=yes
volume=80.000000
