start=2593.132208
pause=yes
volume=110.000000
