start=3066.021292
volume=75.000000
fullscreen=yes
sub-delay=-1.000000
video-aspect-override=1.777778
