start=3275.272000
pause=yes
volume=85.000000
