start=806.639167
volume=105.000000
