start=1007.716049
volume=75.000000
fullscreen=yes
