start=3539.950335
volume=90.000000
fullscreen=yes
video-aspect-override=1.777778
