start=1732.803000
pause=yes
volume=100.000000
