start=765.723292
volume=120.000000
sub-delay=0.500000
