start=1040.580400
volume=115.000000
fullscreen=yes
video-aspect-override=1.777778
