start=2995.607000
volume=95.000000
