start=1312.728083
volume=120.000000
fullscreen=yes
