start=87.265756
volume=75.000000
border=no
