start=1487.194042
volume=80.000000
sub-delay=2.000000
