start=2146.686208
volume=60.000000
