start=665.270896
pause=yes
volume=65.000000
