start=5060.764000
pause=yes
volume=55.000000
fullscreen=no
sid=1
sub-delay=-0.500000
